improvement_factor=0.09569046586459518
activated_at=2025-09-17T15:41:33.911192
