improvement_factor=0.157690648389338
activated_at=2025-09-17T15:41:33.993822
