improvement_factor=0.19061588869955404
activated_at=2025-09-17T12:58:51.237375
