improvement_factor=0.2028790537422851
activated_at=2025-09-17T14:53:20.132473
