improvement_factor=0.27368420412540484
activated_at=2025-09-17T12:58:52.201521
