improvement_factor=0.33983714876357796
activated_at=2025-09-17T12:58:51.717228
