improvement_factor=0.11137910180203175
activated_at=2025-09-17T12:58:51.950644
