improvement_factor=0.12279830920183388
activated_at=2025-09-17T15:41:33.891948
