improvement_factor=0.24509896173961676
activated_at=2025-09-17T15:41:33.916268
