improvement_factor=0.16974211981595988
activated_at=2025-09-17T12:58:52.303970
