improvement_factor=0.18601668587174147
activated_at=2025-09-17T15:41:33.687889
