improvement_factor=0.12519029709795182
activated_at=2025-09-17T12:58:53.131291
