improvement_factor=0.23615822974973444
activated_at=2025-09-17T12:58:53.337275
