improvement_factor=0.18532058504790622
activated_at=2025-09-17T15:41:34.041953
