improvement_factor=0.33718550947799064
activated_at=2025-09-17T15:41:34.007142
