improvement_factor=0.313317353510256
activated_at=2025-09-17T15:41:33.359027
