improvement_factor=0.05741157785829776
activated_at=2025-09-17T15:41:33.742683
