improvement_factor=0.18169993480103352
activated_at=2025-09-17T14:53:20.140388
