improvement_factor=0.3071596532979846
activated_at=2025-09-17T14:53:20.137578
