improvement_factor=0.2322891518236354
activated_at=2025-09-17T15:41:33.818248
