improvement_factor=0.2776293055494061
activated_at=2025-09-17T12:58:53.045940
