improvement_factor=0.11970593830609921
activated_at=2025-09-17T15:41:33.917776
