improvement_factor=0.3080983112999313
activated_at=2025-09-17T15:41:34.020527
