improvement_factor=0.1427107989250347
activated_at=2025-09-17T12:58:52.203659
