improvement_factor=0.2724786941246967
activated_at=2025-09-17T15:41:33.977550
