improvement_factor=0.3115609291630181
activated_at=2025-09-17T15:41:33.853454
