improvement_factor=0.13366288380870572
activated_at=2025-09-17T12:58:52.126501
