improvement_factor=0.20740898128692165
activated_at=2025-09-17T15:41:33.884967
