improvement_factor=0.29493493925632785
activated_at=2025-09-17T12:58:51.498353
