improvement_factor=0.17839045165379852
activated_at=2025-09-17T15:41:33.721145
