improvement_factor=0.10307522937630753
activated_at=2025-09-17T15:41:34.014987
