improvement_factor=0.08765557678383551
activated_at=2025-09-17T15:41:33.845914
