improvement_factor=0.19894460364498756
activated_at=2025-09-17T15:41:33.983670
