improvement_factor=0.1281678041278531
activated_at=2025-09-17T15:41:33.924020
