improvement_factor=0.1629008625583485
activated_at=2025-09-17T14:53:20.118962
