improvement_factor=0.25595080552219074
activated_at=2025-09-17T15:41:33.856209
