improvement_factor=0.05970505668000481
activated_at=2025-09-17T15:41:33.685179
