improvement_factor=0.17963651881990195
activated_at=2025-09-17T15:41:33.793383
