improvement_factor=0.28784629139777235
activated_at=2025-09-17T12:58:53.048482
