improvement_factor=0.147773791094169
activated_at=2025-09-17T15:41:33.186117
