improvement_factor=0.14426832025030567
activated_at=2025-09-17T14:53:20.095120
