improvement_factor=0.15656327309893675
activated_at=2025-09-17T12:58:53.179508
