improvement_factor=0.1525316599015184
activated_at=2025-09-17T14:53:20.124294
