improvement_factor=0.2671859258314965
activated_at=2025-09-17T15:41:33.896234
