improvement_factor=0.3146481888827337
activated_at=2025-09-17T12:58:51.592343
