improvement_factor=0.23995813242132047
activated_at=2025-09-17T14:53:20.127371
