improvement_factor=0.11746994141757983
activated_at=2025-09-17T15:41:33.718824
