improvement_factor=0.12799125954383883
activated_at=2025-09-17T15:41:34.002069
