improvement_factor=0.2884334633783958
activated_at=2025-09-17T15:41:33.921964
