improvement_factor=0.32952588066093486
activated_at=2025-09-17T12:58:52.542184
