improvement_factor=0.18706822119854882
activated_at=2025-09-17T15:41:33.985063
