improvement_factor=0.26949791140697715
activated_at=2025-09-17T12:58:52.661716
