improvement_factor=0.06394954826509425
activated_at=2025-09-17T15:41:33.909509
