improvement_factor=0.11617100320874962
activated_at=2025-09-17T15:41:33.902287
