improvement_factor=0.39465045921801367
activated_at=2025-09-17T15:06:41.995132
