improvement_factor=0.11248612832102123
activated_at=2025-09-17T15:41:33.919855
