improvement_factor=0.20552864585188135
activated_at=2025-09-17T15:41:31.703633
