improvement_factor=0.15428495017646993
activated_at=2025-09-17T15:41:33.897583
