improvement_factor=0.08624433674969578
activated_at=2025-09-17T15:41:34.008794
