improvement_factor=0.31543680582409916
activated_at=2025-09-17T15:41:33.990666
