improvement_factor=0.12917181594869254
activated_at=2025-09-17T12:58:52.195909
