improvement_factor=0.23479552951642768
activated_at=2025-09-17T15:41:33.883572
