improvement_factor=0.12396470454519659
activated_at=2025-09-17T15:41:33.810615
