improvement_factor=0.22241613977930308
activated_at=2025-09-17T14:53:20.110667
