improvement_factor=0.3200337712043264
activated_at=2025-09-17T14:53:20.109589
