improvement_factor=0.4365673200386325
activated_at=2025-09-17T17:30:11.150914
