improvement_factor=0.18848730931149388
activated_at=2025-09-17T14:53:20.088339
