improvement_factor=0.26309038385043226
activated_at=2025-09-17T15:41:34.019222
