improvement_factor=0.42943373321011835
activated_at=2025-09-18T02:06:05.928470
