improvement_factor=0.10629781664294802
activated_at=2025-09-17T15:41:33.843625
