improvement_factor=0.19793276655650305
activated_at=2025-09-17T15:41:33.854832
