improvement_factor=0.1368266055243762
activated_at=2025-09-17T15:41:34.043249
