improvement_factor=0.14015759458619392
activated_at=2025-09-17T14:53:20.120068
