improvement_factor=0.1510730109652496
activated_at=2025-09-17T15:41:33.914627
