improvement_factor=0.14509503892464676
activated_at=2025-09-17T12:58:52.684730
