improvement_factor=0.22435167431696695
activated_at=2025-09-17T15:41:34.005361
