improvement_factor=0.10749281921119486
activated_at=2025-09-17T15:41:33.989362
