improvement_factor=0.24240910206134658
activated_at=2025-09-17T15:41:33.739414
