improvement_factor=0.2574409629904101
activated_at=2025-09-17T15:41:33.953732
