improvement_factor=0.6353220695786458
activated_at=2025-09-17T18:00:08.253722
