improvement_factor=0.11878699540834925
activated_at=2025-09-17T12:58:52.817369
