improvement_factor=0.1584898319639343
activated_at=2025-09-17T12:58:52.675609
