improvement_factor=0.14607702821996071
activated_at=2025-09-17T15:41:33.887760
