improvement_factor=0.06297113153766154
activated_at=2025-09-17T15:41:33.979384
