improvement_factor=0.1319535839170709
activated_at=2025-09-17T14:53:20.131449
