improvement_factor=0.13988556975702726
activated_at=2025-09-17T15:41:33.957322
