improvement_factor=0.18967046976972807
activated_at=2025-09-17T15:41:34.022977
