improvement_factor=0.1491345096164035
activated_at=2025-09-17T14:53:20.098600
