improvement_factor=0.3357436724144053
activated_at=2025-09-17T12:58:52.337448
