improvement_factor=0.12036894981000279
activated_at=2025-09-17T15:41:33.724009
