improvement_factor=0.21059868357787448
activated_at=2025-09-17T12:58:52.257812
