improvement_factor=0.10875475625949815
activated_at=2025-09-17T12:58:51.749389
