improvement_factor=0.05181870944223266
activated_at=2025-09-17T12:58:51.158297
