improvement_factor=0.11376757164449769
activated_at=2025-09-17T15:41:34.016048
