improvement_factor=0.22035721121753982
activated_at=2025-09-17T12:58:53.063198
