improvement_factor=0.28049929485292846
activated_at=2025-09-17T14:53:20.136562
