improvement_factor=0.22124977943827162
activated_at=2025-09-17T15:41:34.039177
