improvement_factor=0.05677378936484212
activated_at=2025-09-17T12:58:52.476847
