improvement_factor=0.16333899009344421
activated_at=2025-09-17T15:41:33.986746
