improvement_factor=0.194947239944683
activated_at=2025-09-17T15:41:33.871462
