improvement_factor=0.28943957763536465
activated_at=2025-09-17T12:58:51.289220
