improvement_factor=0.26577264989588567
activated_at=2025-09-17T15:41:33.988038
