improvement_factor=0.2193870454543134
activated_at=2025-09-18T00:16:54.478651
