improvement_factor=0.14324385651159954
activated_at=2025-09-17T14:53:20.115659
