improvement_factor=0.26861431096423527
activated_at=2025-09-17T14:53:20.099913
