improvement_factor=0.10089731339751051
activated_at=2025-09-17T15:41:34.011383
