improvement_factor=0.09909749391824618
activated_at=2025-09-17T12:58:52.262498
