improvement_factor=0.3091892894703795
activated_at=2025-09-17T14:53:20.134483
