improvement_factor=0.08159466508508961
activated_at=2025-09-17T12:58:53.278846
