improvement_factor=0.14102995477279834
activated_at=2025-09-17T14:53:20.139453
