improvement_factor=0.2504618348197286
activated_at=2025-09-17T15:41:33.876996
