improvement_factor=0.24344870795762086
activated_at=2025-09-17T12:58:53.123784
