improvement_factor=0.27514843334556965
activated_at=2025-09-17T12:58:51.130044
