improvement_factor=0.18486217891730033
activated_at=2025-09-17T15:41:33.886377
