improvement_factor=0.11502190103180798
activated_at=2025-09-17T15:41:34.040440
