improvement_factor=0.18380728066012986
activated_at=2025-09-17T14:53:20.116721
