improvement_factor=0.32621608518177814
activated_at=2025-09-17T12:58:52.395854
