improvement_factor=0.13206072683842895
activated_at=2025-09-17T12:58:51.411796
