improvement_factor=0.2869020396749329
activated_at=2025-09-17T14:53:20.102470
