improvement_factor=0.06592090525220129
activated_at=2025-09-17T15:41:33.875060
