improvement_factor=0.1997911151387417
activated_at=2025-09-17T12:58:51.189659
