improvement_factor=0.16433875626545524
activated_at=2025-09-17T15:41:33.842520
