improvement_factor=0.15388006623804074
activated_at=2025-09-17T12:58:52.683229
