improvement_factor=0.16166978601726878
activated_at=2025-09-17T12:58:52.377036
