improvement_factor=0.19327956565739385
activated_at=2025-09-17T15:41:34.010108
