improvement_factor=0.1053060063965332
activated_at=2025-09-17T14:53:20.129465
