improvement_factor=0.20062980389209506
activated_at=2025-09-17T14:53:20.107076
