improvement_factor=0.27936800392284383
activated_at=2025-09-17T12:58:51.594569
