improvement_factor=0.1800649047120233
activated_at=2025-09-17T15:41:33.894899
