improvement_factor=0.07168821515983359
activated_at=2025-09-17T14:53:20.090661
