improvement_factor=0.1094712258198256
activated_at=2025-09-17T12:58:52.668541
