improvement_factor=0.1260856024089485
activated_at=2025-09-17T12:58:51.989194
