improvement_factor=0.1710250768119831
activated_at=2025-09-17T15:41:34.017094
