improvement_factor=0.28286145711554955
activated_at=2025-09-17T15:41:33.955528
