improvement_factor=0.1659819002590751
activated_at=2025-09-17T15:41:32.910290
