improvement_factor=0.18260769165078053
activated_at=2025-09-17T23:49:49.094944
