improvement_factor=0.19566413654273473
activated_at=2025-09-17T12:58:52.404594
