improvement_factor=0.17468465922258064
activated_at=2025-09-17T15:41:33.791178
