improvement_factor=0.1387869240374986
activated_at=2025-09-17T15:41:33.717314
