improvement_factor=0.6857284959548794
activated_at=2025-09-17T21:33:40.694878
