improvement_factor=0.2747970691727867
activated_at=2025-09-17T12:58:51.382488
