improvement_factor=0.09693880919005682
activated_at=2025-09-17T15:41:33.806364
