improvement_factor=0.13469333464570254
activated_at=2025-09-17T12:58:53.302015
