improvement_factor=0.11420671941938154
activated_at=2025-09-17T14:53:20.087179
