improvement_factor=0.31229884004511
activated_at=2025-09-17T15:41:34.025870
