improvement_factor=0.17694110432234883
activated_at=2025-09-17T12:58:52.801165
