improvement_factor=0.12424452195358482
activated_at=2025-09-17T15:41:33.863458
