improvement_factor=0.2413597792356154
activated_at=2025-09-17T15:41:33.951595
