improvement_factor=0.26679680830134844
activated_at=2025-09-17T15:41:33.980836
