improvement_factor=0.25668248500647606
activated_at=2025-09-17T15:41:34.024336
