improvement_factor=0.29826862361447837
activated_at=2025-09-17T15:41:34.003465
