improvement_factor=0.10178910794677404
activated_at=2025-09-17T15:41:33.727028
