improvement_factor=0.22847019024419946
activated_at=2025-09-17T14:53:20.121204
