improvement_factor=0.1925326442174763
activated_at=2025-09-17T15:41:33.995621
