improvement_factor=0.16670926429388616
activated_at=2025-09-17T15:41:33.844651
