improvement_factor=0.1483971462713825
activated_at=2025-09-17T14:53:20.125318
