improvement_factor=0.17709531524743316
activated_at=2025-09-17T12:58:51.110379
