improvement_factor=0.6696447400991381
activated_at=2025-09-16T07:49:32.244217
